[#.#.....#] (2,3,5,6,7,8) (1,2,3,7) (1,2,3,6,8) (1,3,4,7,8) (0,2,7,8) (2,3,4,5,7) (0,1,3,6) {14,41,45,57,26,16,23,52,47}
[.#....#.#.] (0,3,9) (3,6,9) (1,3,5,6,7,9) (1,4,7) (1,2,3,4,5,8) (0,2,4,5,6,7,8,9) (0,2,3,4,5,6) (2,4) (0,1,3,4,5,7,8,9) (1,6,9) (7) (0,1,2,3,4,5,8) {69,86,80,95,110,99,62,79,71,71}
[#..#.] (3,4) (2,3) (0,2) (1,2,4) (1,2,3) (1) {103,34,138,16,19}
[.#..##....] (0,1,2,3,4,6,8,9) (0,1,2,3,6,8) (4,5,9) (0,1,2,4,5,9) (0,2,3,4,7,8) (2,8,9) (0,7,9) (0,2,5,9) (0,1,2,3,5,6,7,9) {55,37,68,42,18,25,31,24,44,40}
[####.#.#.] (5,8) (0,1,4,7) (0,2,3,4,6,7,8) (2,3,4,5,7) (0,3,4,7,8) (0,1,2,5,8) (0,1,2,3,5,6,7) (0,2,3,8) (0,2,3,5,7) {69,30,86,69,26,65,13,49,48}
[#..#.###.] (0,1,3,4,7,8) (3,4,6) (2,3,4,5) (0,6,7) (4,7) (0,2,5,6,8) (1,2) (5,8) (1,8) {32,26,28,38,48,33,41,39,34}
[##......] (0,5,7) (5,6,7) (0,1,2,4,6,7) (1,2,3) (1,2,3,4,5) (1,3) (0,2,4,5,6) {36,48,48,31,39,195,197,190}
[.#..#.] (0,1,2,5) (0,1,3,4,5) (1,2,3,5) (0,1,2,3) (2,4) {32,43,30,36,25,37}
[##.#.#..] (3,5) (0,1,5,6,7) (4,5,6) (1,2,6,7) (0,3,4,7) (2,4,5,6) (0,2,3,4,5) {10,7,16,30,19,35,16,11}
[..#.#...] (0,1,4,6,7) (1,4,5,6,7) (1,2,4,5,6) (0,1,2,3,4,5,7) (3,6) (0,2,4,5,6,7) (2,4,5,7) {32,36,45,26,61,53,50,53}
[##.#..#..#] (1,2,3,4,8) (0,4,5,6) (5,8) (1,5,6) (1,2) (0,2,4,6,8,9) (0,6,7,8) (0,1,2,4,5,6,7,8,9) (0,2,9) {30,35,52,14,33,20,26,4,38,28}
